1587,3
1587,2
1587,1
1587,0
1585,3
1585,2
1585,1
1585,0
1583,3
1583,2
1583,1
1583,0
1581,3
1581,2
1581,1
1581,0
1579,3
1579,2
1579,1
1579,0
1577,3
1577,2
1577,1
1577,0
1575,3
1575,2
1575,1
1575,0
1573,3
1573,2
1573,1
1573,0
1571,3
1571,2
1571,1
1571,0
1569,3
1569,2
1569,1
1569,0
0,547
0,527
0,472
1567,3
1567,2
1567,1
1567,0
1565,3
1565,2
1565,1
1565,0
1563,3
1563,2
1563,1
1563,0
0,278
0,9
3,2
3,1
3,3
10,78
10,124
10,206
10,194
10,116
10,222
10,1
10,224
10,2
10,3
11,27
11,18
11,28
11,23
11,15
11,13
11,1
11,9
11,2
11,3
9,7
9,4
9,1
9,6
9,2
9,3
8,15
8,9
8,5
8,7
8,8
8,1
8,13
8,2
8,3
12,2
12,1
12,3
20,2
20,1
20,3
19,2
19,1
19,3
18,1
18,3
14,1
14,3
13,1
13,3
2,2
