883,3
883,2
883,1
883,0
882,3
882,2
882,1
882,0
881,3
881,2
881,1
881,0
880,3
880,2
880,1
880,0
879,3
879,2
879,1
879,0
878,4
878,3
878,2
878,1
878,0
877,4
877,3
877,2
877,1
877,0
876,3
876,2
876,1
876,0
875,3
875,2
875,1
875,0
874,3
874,2
874,1
874,0
873,3
873,2
873,1
873,0
872,3
872,2
872,1
872,0
871,3
871,2
871,1
871,0
870,4
870,3
870,2
870,1
870,0
869,4
869,3
869,2
869,1
869,0
868,3
868,2
868,1
868,0
867,3
867,2
867,1
867,0
866,3
866,2
866,1
866,0
865,3
865,2
865,1
865,0
864,3
864,2
864,1
864,0
863,3
863,2
863,1
863,0
862,4
862,3
862,2
862,1
862,0
861,4
861,3
861,2
861,1
861,0
860,3
860,2
860,1
860,0
859,3
859,2
859,1
859,0
858,3
858,2
858,1
858,0
857,3
857,2
857,1
857,0
856,3
856,2
856,1
856,0
855,3
855,2
855,1
855,0
854,4
854,3
854,2
854,1
854,0
853,4
853,3
853,2
853,1
853,0
852,3
852,2
852,1
852,0
851,3
851,2
851,1
851,0
850,3
850,2
850,1
850,0
849,3
849,2
849,1
849,0
848,3
848,2
848,1
848,0
847,3
847,2
847,1
847,0
846,4
846,3
846,2
846,1
846,0
845,4
845,3
845,2
845,1
845,0
844,3
844,2
844,1
844,0
843,3
843,2
843,1
843,0
842,3
842,2
842,1
842,0
841,3
841,2
841,1
841,0
840,3
840,2
840,1
840,0
839,3
839,2
839,1
839,0
838,4
838,3
838,2
838,1
838,0
837,4
837,3
837,2
837,1
837,0
836,3
836,2
836,1
836,0
835,3
835,2
835,1
835,0
834,3
834,2
834,1
834,0
833,3
833,2
833,1
833,0
832,3
832,2
832,1
832,0
831,3
831,2
831,1
831,0
830,4
830,3
830,2
830,1
830,0
829,4
829,3
829,2
829,1
829,0
828,3
828,2
828,1
828,0
827,3
827,2
827,1
827,0
826,3
826,2
826,1
826,0
825,3
825,2
825,1
825,0
824,3
824,2
824,1
824,0
823,3
823,2
823,1
823,0
822,4
822,3
822,2
822,1
822,0
821,4
821,3
821,2
821,1
821,0
820,3
820,2
820,1
820,0
819,3
819,2
819,1
819,0
818,3
818,2
818,1
818,0
817,3
817,2
817,1
817,0
816,3
816,2
816,1
816,0
815,3
815,2
815,1
815,0
814,4
814,3
814,2
814,1
814,0
813,4
813,3
813,2
813,1
813,0
812,3
812,2
812,1
812,0
811,3
811,2
811,1
811,0
810,3
810,2
810,1
810,0
809,3
809,2
809,1
809,0
808,3
808,2
808,1
808,0
807,3
807,2
807,1
807,0
806,4
806,3
806,2
806,1
806,0
805,4
805,3
805,2
805,1
805,0
804,3
804,2
804,1
804,0
803,3
803,2
803,1
803,0
802,3
802,2
802,1
802,0
801,3
801,2
801,1
801,0
800,3
800,2
800,1
800,0
799,3
799,2
799,1
799,0
798,4
798,3
798,2
798,1
798,0
797,4
797,3
797,2
797,1
797,0
796,3
796,2
796,1
796,0
795,3
795,2
795,1
795,0
794,3
794,2
794,1
794,0
793,3
793,2
793,1
793,0
792,3
792,2
792,1
792,0
791,3
791,2
791,1
791,0
790,4
790,3
790,2
790,1
790,0
789,4
789,3
789,2
789,1
789,0
788,3
788,2
788,1
788,0
787,3
787,2
787,1
787,0
786,3
786,2
786,1
786,0
785,3
785,2
785,1
785,0
784,3
784,2
784,1
784,0
783,3
783,2
783,1
783,0
782,4
782,3
782,2
782,1
782,0
781,4
781,3
781,2
781,1
781,0
780,3
780,2
780,1
780,0
779,3
779,2
779,1
779,0
778,3
778,2
778,1
778,0
777,3
777,2
777,1
777,0
776,3
776,2
776,1
776,0
775,3
775,2
775,1
775,0
774,4
774,3
774,2
774,1
774,0
773,4
773,3
773,2
773,1
773,0
772,3
772,2
772,1
772,0
771,3
771,2
771,1
771,0
770,3
770,2
770,1
770,0
769,3
769,2
769,1
769,0
768,3
768,2
768,1
768,0
767,3
767,2
767,1
767,0
766,4
766,3
766,2
766,1
766,0
765,4
765,3
765,2
765,1
765,0
764,3
764,2
764,1
764,0
763,3
763,2
763,1
763,0
762,3
762,2
762,1
762,0
761,3
761,2
761,1
761,0
760,3
760,2
760,1
760,0
759,3
759,2
759,1
759,0
758,4
758,3
758,2
758,1
758,0
757,4
757,3
757,2
757,1
757,0
756,3
756,2
756,1
756,0
755,3
755,2
755,1
755,0
754,3
754,2
754,1
754,0
753,3
753,2
753,1
753,0
752,3
752,2
752,1
752,0
751,3
751,2
751,1
751,0
750,4
750,3
750,2
750,1
750,0
749,4
749,3
749,2
749,1
749,0
748,3
748,2
748,1
748,0
747,3
747,2
747,1
747,0
746,3
746,2
746,1
746,0
745,3
745,2
745,1
745,0
744,3
744,2
744,1
744,0
743,3
743,2
743,1
743,0
742,4
742,3
742,2
742,1
742,0
741,4
741,3
741,2
741,1
741,0
740,3
740,2
740,1
740,0
739,3
739,2
739,1
739,0
738,3
738,2
738,1
738,0
737,3
737,2
737,1
737,0
736,3
736,2
736,1
736,0
735,3
735,2
735,1
735,0
734,4
734,3
734,2
734,1
734,0
733,4
733,3
733,2
733,1
733,0
732,3
732,2
732,1
732,0
731,3
731,2
731,1
731,0
730,3
730,2
730,1
730,0
729,3
729,2
729,1
729,0
728,3
728,2
728,1
728,0
727,3
727,2
727,1
727,0
726,4
726,3
726,2
726,1
726,0
725,4
725,3
725,2
725,1
725,0
724,3
724,2
724,1
724,0
723,3
723,2
723,1
723,0
722,3
722,2
722,1
722,0
721,3
721,2
721,1
721,0
720,3
720,2
720,1
720,0
719,3
719,2
719,1
719,0
718,4
718,3
718,2
718,1
718,0
717,4
717,3
717,2
717,1
717,0
716,3
716,2
716,1
716,0
715,3
715,2
715,1
715,0
714,3
714,2
714,1
714,0
713,3
713,2
713,1
713,0
712,3
712,2
712,1
712,0
711,3
711,2
711,1
711,0
710,4
710,3
710,2
710,1
710,0
709,4
709,3
709,2
709,1
709,0
708,3
708,2
708,1
708,0
707,3
707,2
707,1
707,0
706,3
706,2
706,1
706,0
705,3
705,2
705,1
705,0
704,3
704,2
704,1
704,0
703,3
703,2
703,1
703,0
702,4
702,3
702,2
702,1
702,0
701,4
701,3
701,2
701,1
701,0
700,3
700,2
700,1
700,0
699,3
699,2
699,1
699,0
698,3
698,2
698,1
698,0
697,3
697,2
697,1
697,0
696,3
696,2
696,1
696,0
695,3
695,2
695,1
695,0
694,4
694,3
694,2
694,1
694,0
693,4
693,3
693,2
693,1
693,0
692,3
692,2
692,1
692,0
691,3
691,2
691,1
691,0
690,3
690,2
690,1
690,0
689,3
689,2
689,1
689,0
688,3
688,2
688,1
688,0
687,3
687,2
687,1
687,0
686,4
686,3
686,2
686,1
686,0
685,4
685,3
685,2
685,1
685,0
684,3
684,2
684,1
684,0
683,3
683,2
683,1
683,0
682,3
682,2
682,1
682,0
681,3
681,2
681,1
681,0
680,3
680,2
680,1
680,0
679,3
679,2
679,1
679,0
678,4
678,3
678,2
678,1
678,0
677,4
677,3
677,2
677,1
677,0
676,3
676,2
676,1
676,0
675,3
675,2
675,1
675,0
674,3
674,2
674,1
674,0
673,3
673,2
673,1
673,0
672,3
672,2
672,1
672,0
671,3
671,2
671,1
671,0
670,4
670,3
670,2
670,1
670,0
669,4
669,3
669,2
669,1
669,0
668,3
668,2
668,1
668,0
667,3
667,2
667,1
667,0
666,3
666,2
666,1
666,0
665,3
665,2
665,1
665,0
664,3
664,2
664,1
664,0
663,3
663,2
663,1
663,0
662,4
662,3
662,2
662,1
662,0
661,4
661,3
661,2
661,1
661,0
660,3
660,2
660,1
660,0
659,3
659,2
659,1
659,0
658,3
658,2
658,1
658,0
657,3
657,2
657,1
657,0
656,3
656,2
656,1
656,0
655,3
655,2
